151109
514006
762713
784898
632750
635204
134565
992427
606329
631381
915434
906801
554269
787134
785026
65583
676787
646063
267823
857604
836594
928281
126403
857979
423334
732517
243873
494171
861624
137127
622088
932484
239733
297597
617373
384826
704425
291416
931541
11972
613009
751837
602754
887240
675033
32862
947097
187837
864391
699458
811555
104408
783667
921686
482288
200207
650326
413322
593259
305297
254517
500177
861013
45463
265705
795468
984593
721650
66590
433891
277377
783756
967486
172325
285625
334333
766439
301258
608095
94686
837596
586175
811171
709713
31946
968116
532601
289750
670394
539792
196645
327294
545564
990499
438711
514114
966284
825468
574809
391464
908249
839430
543550
82103
99235
804408
454261
222953
794097
571683
852077
472603
381158
137693
825441
989777
385725
575834
282630
493706
31887
657170
379229
602760
59629
819836
463501
484532
711231
929476
43591
210215
14093
573339
616021
604058
352723
684474
278472
378702
592990
800885
78072
896557
16998
440335
97143
599757
866801
807457
355880
611526
356929
323391
72662
40505
212636
172772
785710
799112
999879
841784
104345
314522
9630
741766
175965
17766
640593
726564
347886
439753
795355
856795
817720
645126
821874
442750
32735
447031
459065
821404
248536
755451
563063
341160
702865
944410
74329
696332
984445
945460
609988
644874
29270
545056
403385
31828
827395
939883
270965
599202
50607
678274
462074
979900
854840
290296
677269
801064
626492
240030
58519
604292
177587
19778
893316
434811
911201
30193
935121
133205
147529
8687
328327
793994
566678
856117
284744
794499
781257
324418
522624
421674
286775
592071
615845
125824
684392
797011
286274
443982
971732
199751
568698
431252
848756
170522
415701
75934
660422
104346
391032
646924
335197
941194
13074
192794
720029
312602
862411
189502
785028
169027
158510
572306
609331
892394
726147
958319
258114
485684
134241
171613
969790
97305
782546
270340
137883
320480
197161
676213
268415
90862
986774
274176
215563
288094
721444
349328
771691
243193
821416
108994
349671
692490
393355
433472
698720
315848
636212
852294
67088
141863
582961
772064
933381
470490
696502
501432
454667
892414
88648
767418
392739
284269
651259
761918
402817
986237
371379
770072
496633
695763
935312
273031
481901
484648
73067
401893
186346
968007
557043
985140
45008
600166
386486
833412
720491
447945
456042
443393
793463
4247
701733
556905
542931
5204
725219
227808
41881
830666
5351
479417
36567
342122
164947
79532
679802
766494
966641
18241
946059
392010
983814
357982
163361
798514
172355
34204
243961
783359
678969
45104
135734
411253
868836
600153
526377
18772
20685
644548
551205
432908
738183
377376
992597
586319
590761
105061
940130
419898
160492
371905
828785
26353
662825
630265
129637
840146
579930
505748
678698
408625
181137
40080
976634
187338
397688
472317
773407
30482
802527
289407
941906
920678
883015
944289
91962
30766
698737
955078
389833
184982
284964
982944
365632
293115
390121
255388
624089
863870
194496
718812
235633
988183
392387
620887
475937
184322
377034
691652
517999
934374
372820
806725
94774
459524
52012
387545
250429
911899
630572
517260
176723
92308
631816
39867
163968
46444
22904
621746
892073
132029
709135
242665
873709
661685
482609
176913
236379
923051
176862
459357
338606
84742
618258
413319
912127
421208
236217
634492
251166
261011
741103
904057
145312
392522
281103
281489
545501
487321
426089
974599
606432
523148
728783
797918
988232
484474
14536
911291
647490
244284
331115
591730
206798
82418
43366
868022
93976
957530
374490
669625
315756
517017
887440
302845
825777
622802
937824
630274
457272
535495
633182
342663
573692
887725
259782
138760
268955
245498
673967
125856
628268
959855
73801
666200
128399
938214
274967
178974
986278
382523
215899
845730
179454
587758
674497
167673
275087
447616
246900
614135
70220
198485
819622
452908
598134
340794
69274
292204
189898
815615
640690
152763
539563
585725
613271
469824
185374
884545
842842
48073
313786
244188
293431
675466
695523
357677
647564
957268
419634
824499
683182
380911
465015
647909
669518
673200
203075
399188
827140
515651
399995
889511
986390
181636
801880
560650
713673
819183
670713
832668
215067
797138
471868
532476
261145
163701
419842
237982
617543
323874
433803
951494
393525
452048
165422
732546
129717
875790
40075
121729
1785
176366
799271
780581
785461
452059
792295
894242
771333
882013
127967
149916
855903
686347
279148
133066
243871
559416
393694
207678
649888
349807
40693
771495
89615
569636
145216
274618
93258
620957
721534
402840
449461
623314
978561
975614
567037
214635
565832
927784
663980
346397
615671
47339
894442
828384
452767
638536
139132
482625
594781
612731
535426
670398
661628
813710
960307
158408
877588
778971
804286
761303
859810
897027
9167
511157
839585
844236
664310
630654
384343
278029
99419
8044
46859
334237
354312
454782
257380
591336
70331
929999
498048
832829
442667
144879
842242
77625
9958
837468
634666
413786
642627
476302
912091
537394
242020
919294
458779
663679
401595
539558
260319
811136
653219
213923
204424
400139
461046
931782
78704
21423
691316
872780
977935
888891
491776
741218
136820
495184
613601
557687
416977
515890
38901
427496
796747
148226
369137
657544
192832
850707
786016
632847
571131
954050
923319
765347
651900
365044
281984
170396
278876
482905
188715
38915
769814
484089
797794
673249
639586
772700
477458
125385
319271
635119
533274
89482
155211
137830
278868
112195
949612
188376
729191
514827
170664
332268
76371
498450
933845
354105
558460
175297
899696
868762
830612
301379
892999
751560
494331
761432
869694
490408
185634
809142
47358
548575
514684
7961
586207
508262
707662
187265
125102
212717
188148
448629
783613
676302
195607
58138
81511
717690
648996
811199
900798
368761
900322
27189
666914
349876
617420
478351
116784
822026
848252
155506
223486
178615
977587
493858
745620
406815
837538
170117
134341
195676
429772
965196
76005
102279
361032
404264
237289
112942
391942
415903
911176
506988
668686
711346
225366
366784
234504
148750
576074
679597
560393
222653
703789
599341
17168
239927
219841
812287
384841
119207
482626
269812
263230
890223
421391
871735
429284
120400
561364
135908
746759
222079
800304
213657
717470
211731
374589
832417
690315
773895
335217
501536
62087
629744
232737
802976
538980
811431
287134
323095
352758
194725
704003
128701
508009
609127
576041
735895
415133
287512
544857
956498
283827
836287
852323
624011
756225
566115
694264
60535
903407
288282
859111
252659
925467
153775
246707
990207
128505
660794
977177
9181
477161
818347
902759
682685
45148
892059
690171
891202
49416
691191
280091
504696
268546
3365
702092
79560
450552
801761
745508
794635
642253
974318
540039
944129
547063
460660
90748
240165
799854
241836
247063
73113
830062
75230
66140
464669
739390
263553
231909
269864
976854
834954
810172
804328
27779
637216
257170
734180
962636
170660
769245
506182
156370
382784
277173
379245
416952
64115
76908
275380
956492
922813
59893
789741
811929
55008
471040
773236
255941
377085
662687
319573
426573
103604
915729
227992
397368
644983
88284
200938
472037
381567
341933
216733
500526
966217
445829
338564
132661
717490
2396
23344
104505
149771
845097
226706
187912
270511
745329
700236
227880
508360
881360
104576
317936
272106
722841
273529
22854
614919
92858
514963
548541
100733
277489
366729
429982
201821
419972
646934
386014
346977
77447
421410
657350
534013
545886
526295
427985
427271
707802
41473
796602
462615
978522
37255
253383
251162
730292
811870
676738
981966
342174
773841
340612
783463
314094
914209
179983
333216
289556
813977
773333
461885
287387
94327
316181
300404
658480
822085
191607
361274
714980
732837
757138
289480
877183
990869
815219
810165
120345
742779
804941
814496
627491
528483
767333
567566
293991
829406
648237
328209
928431
931480
70693
902059
121360
32686
697811
681021
754924
335370
176536
368779
319432
925430
204521
109071
137143
884657
579194
726515
199715
86811
241645
146495
22984
83167
872136
232629
908100
125089
995619
495625
69480
628976
778057
359596
935189
594450
108690
147487
101660
26719
788862
412355
756196
54556
62934
27692
257108
271810
311222
39667
934411
234304
651115
992702
803607
775785
666262
437947
881948
883843
24961
762361
597996
759498
587391
913903
17602
141895
878932
455899
885236
826015
756593
383093
663806
806312
661349
390089
358135
615216
95134
810719
482560
296166
643695
860615
586394
536428
320743
672783
291438
162274
383218
676747
2483
286397
863182
664048
546245
70197
735092
605705
333294
796173
875234
253054
983599
550049
367386
975216
874034
587080
293034
231740
689638
287286
645366
875259
157523
59466
893169
579438
257251
701511
88367
986476
950155
560680
356121
534452
851631
779834
307815
316815
917772
236254
385947
262044
807241
823636
359927
987529
781407
179426
215283
479653
935894
596729
709957
384514
171751
303177
22179
152349
841726
259839
360708
752262
742519
475380
72321
400182
579643
205885
552371
987992
715981
735377
971934
690161
563300
413128
884243
387542
29360
491498
694398
301023
582514
605892
606324
739884
439971
489507
185613
293517
636985
449485
809481
102059
315802
22723
400341
128050
323740
754470
94635
497647
483750
279440
637468
799727
202652
516716
56620
700475
486742
523607
380047
827521
236305
597954
528424
176528
519280
370874
472137
490467
155987
613726
531098
492063
325673
730509
711127
774283
511502
870314
499556
730007
206363
745460
292515
746336
848244
206775
667227
277181
327093
268768
316799
645304
622507
379127
100943
349908
188510
256253
148814
40082
295731
553502
692958
995495
538690
528814
599087
636556
295604
731728
882697
643699
585807
774608
525967
41606
639264
761726
970828
488136
461156
144479
273164
156404
418287
298006
399074
346411
642478
708955
49892
913930
284396
75942
608291
676290
515451
57139
705660
670026
385942
335418
951017
843613
466120
450115
302587
672969
285725
231613
39889
196562
11365
119123
288511
864367
1419
222483
732550
238607
756646
869650
858060
440497
483414
980690
782184
777860
40599
132141
426119
151197
639584
632861
463273
239555
761597
465270
845956
726465
425188
870708
873119
346
809908
84394
76149
552772
252386
63662
448409
756843
381727
94139
420112
32811
448032
752852
424178
731973
632825
699612
780622
256925
323525
639956
430791
846798
256681
397568
653343
957918
189547
489683
948800
961541
849547
498317
75240
839630
210379
53730
437526
32807
369192
546504
900291
315378
292377
681298
172507
777312
848703
98823
470112
848750
341056
224067
475671
61126
572750
81575
455313
500801
362273
142574
777630
467086
537299
737589
261839
251044
737055
920072
611120
985499
499138
134971
823200
898371
764712
399955
959129
954383
899255
477588
617637
782781
596077
764909
201515
136986
718223
189183
97708
623842
530441
973569
318319
142502
32113
442177
916269
716773
594516
352252
744415
726693
383707
610091
714136
210629
78037
79934
528289
668299
310315
430653
606157
232945
473807
715770
318851
665705
810487
103921
59541
958124
260846
107024
737971
525284
696992
667397
236093
651701
327811
494325
443186
596266
227077
815600
435757
349997
998645
519692
330253
275474
752891
233485
731641
311651
437073
890146
237358
909888
752438
767642
285035
112070
893679
462464
538033
353935
551141
778523
591698
605343
531816
733840
54994
737685
398260
591575
838809
607652
106420
517169
638697
151589
988135
682506
102221
367851
426172
814604
357161
458193
670424
334805
31144
366414
764684
535810
122639
409767
86534
514459
670078
143383
229209
733347
406858
300793
119202
158639
54470
135813
447801
482107
979931
215060
755169
143025
178219
225537
651696
82183
673275
646464
719974
61017
294164
102928
356221
520607
661703
306960
782902
688839
917872
980213
202684
670537
618673
126214
370225
944649
108351
499088
697320
31143
920828
792520
805227
999364
275421
637039
339404
180709
746788
270237
141414
3589
939722
362474
736405
6398
138195
535687
47147
266573
66444
100701
233675
427028
391466
906893
831713
301237
671131
623182
475054
552511
468910
358750
600336
828406
158918
720128
155161
294261
807979
57093
128521
689486
476701
567792
270394
197193
925034
281732
782374
512147
803081
95957
4143
863945
71552
115026
985640
657637
420220
396714
947475
293266
902441
224188
912041
569791
872159
297539
252461
324664
678483
225386
267145
912662
975129
936386
838622
832622
413169
3695
224534
679519
763035
593099
151260
514290
503777
781291
534361
73371
759916
490514
587261
981809
428857
624560
581985
514065
713915
499047
77609
51853
764408
331479
131444
329468
771698
327132
356363
527286
3134
210707
729488
934493
836268
515178
96938
23564
713229
716705
749889
795584
776633
567796
274637
838675
382208
815853
524820
754043
87722
345206
585736
819151
483125
162205
332303
848796
355420
809175
891312
184689
94001
218666
780334
816335
712387
418163
569146
436233
214395
32890
988360
176869
567691
366657
36728
17295
703677
571087
816180
491736
605178
12909
287691
7049
419732
396933
80317
300758
792681
80133
961282
515030
656966
233323
562160
830318
103437
969251
396548
763249
456633
581422
254851
739909
19120
556185
858664
69445
492413
952313
176865
37668
334655
454942
238750
202656
610390
589883
55877
127986
385103
210095
892486
556888
860636
460020
923201
683525
468057
164810
688138
792116
101328
338655
94214
805538
124172
625553
100630
407807
485789
561000
825479
26944
592646
76301
950094
465268
894829
266265
839130
825281
815900
581674
182381
758855
319132
760905
613064
554668
864860
90082
182663
841920
480374
58226
364480
553159
127569
871569
955068
379322
573080
95907
399704
685384
259329
458690
939367
806478
869033
383496
972410
370692
524803
675905
562819
264898
319061
396790
460148
384137
152086
785588
436310
249724
691058
779162
264658
550428
627763
261407
892835
310233
521396
370266
899026
115767
687105
5867
930270
472124
619607
500645
720678
797377
551203
791691
386593
425770
138903
463959
458536
722911
556378
521503
120131
365752
200824
858933
413009
350523
771108
76635
236455
683961
733719
529867
746696
782849
98935
180758
784293
696045
76279
339560
583017
349112
209953
463017
372128
541291
643709
343477
290205
969491
693136
944625
997142
541408
235618
756894
54380
223595
374592
631676
550971
887954
216408
477703
816369
528205
360071
157484
419619
735030
818817
205879
537950
398210
243324
208626
312309
145478
586615
4975
917733
544872
54356
436860
797982
568808
548380
201139
867017
631774
613064
564863
525741
821674
914455
807636
671835
928680
108522
664739
198405
749850
245333
550370
638880
284259
198792
965653
574903
565205
790052
748710
423298
892537
729458
37421
933872
837759
868784
751781
914818
468522
805791
171288
855767
906059
798941
293559
605520
76756
655707
280262
889103
98943
832848
81317
948046
737727
804392
178430
330170
588350
316416
284500
195948
238426
743997
519876
355235
597051
763141
478376
351909
923281
963208
228145
34719
990148
750612
577551
37922
862705
620314
870699
975068
22641
190778
23125
908795
246220
957737
852671
881772
443813
667535
521187
115894
284054
636134
148278
443089
377669
459748
896927
790565
956526
451201
767854
832351
972968
858632
666194
774616
850258
452833
904455
63336
375517
668153
129966
986871
467421
663426
565840
94472
748948
814851
724708
650128
716756
224362
249277
254769
442966
435974
149410
663765
877689
821055
208714
429434
212334
62802
214981
232295
527044
643876
638275
987027
950023
574996
950607
703429
377699
699719
181421
688750
335458
459613
770382
172340
132459
535549
232019
258688
929353
932537
716570
384033
715864
573956
370876
335988
152228
950569
655548
709815
281623
873064
669157
819189
386800
301367
48729
255743
906872
410738
455181
604419
644708
362623
459994
353829
485323
971805
972889
664207
780427
243212
220304
451926
179380
24482
893998
838449
482137
537904
412898
752402
421079
633316
41712
104246
867264
139679
6751
773239
310478
855008
761108
414949
415225
771904
831917
943662
890464
146104
470600
510579
59527
885909
100968
944864
681719
662285
655347
774849
612509
351697
668282
33920
445673
366920
256545
296138
288011
293080
599931
791802
798344
419539
359961
753798
383836
644868
339492
562930
641584
837033
334070
893080
631383
658772
734905
809140
895124
471233
599916
663471
606940
706559
625939
880077
145339
693197
343096
549894
669725
885714
462461
231238
154936
896755
810168
752684
699549
963997
808191
853162
789106
574786
989360
277183
907058
456410
968590
609941
531685
433839
588069
725336
573175
33061
690380
657310
740360
834088
612109
448817
220367
158157
436915
387058
998070
1423
337921
49108
905127
736762
204955
889878
271539
612650
953473
655358
795792
717278
891960
411369
500521
387908
602449
872120
114301
545610
247180
139212
772833
857030
201821
402097
701339
5818
502774
338600
602077
278944
647111
658405
498712
349559
3592
346372
522709
492264
875329
358484
902821
191511
534205
380497
226014
379117
914679
568418
408416
328908
889416
904727
34572
650117
551921
771157
383908
50929
772651
854709
4502
67372
176593
641188
810822
444286
985854
624072
513289
775994
811473
206422
197653
648007
996424
53076
211158
955612
549202
261757
863248
477105
335196
301158
384024
849898
28321
497205
215378
848385
283207
557705
570628
27759
713722
464013
804838
645821
186128
401155
98505
923088
801285
663790
23211
246879
878876
621811
977713
972967
603688
483983
326524
802807
528713
954918
764333
1415
346215
800435
515324
948004
441423
706245
661237
527124
558970
442110
139537
11285
881492
757691
963857
700804
119253
524693
778746
678059
827012
269799
218140
638324
759098
919144
461960
904973
688195
836379
465816
997494
107871
490828
248175
111322
506365
882082
642544
530575
780209
467388
50082
136973
879795
119805
148182
765486
994079
153614
462261
62180
973182
301830
332714
34511
412213
692904
854489
704049
803979
509634
745598
124498
267006
890322
302566
241657
245705
782819
368936
312364
533850
796844
79313
97797
349545
923007
37246
176384
972706
93567
418372
869440
231415
505059
783040
680878
763843
325797
65063
729621
977986
676915
605183
20647
83463
3378
641892
414599
562677
376104
861112
839651
769162
128904
77101
266795
779156
289528
404679
904230
236847
617857
404335
871738
248422
150714
858176
939697
688964
530252
318190
875738
805056
331837
618695
125613
824494
10736
385681
963458
325713
259189
75524
947986
386875
113753
379524
389253
8389
869692
554726
559330
602017
576239
214105
22921
76234
36800
778532
141149
183771
735542
363637
338568
137711
873346
898605
649957
989867
857991
351346
787471
742620
315924
620861
442855
266092
561854
955586
921490
105016
88104
900516
510331
942347
900153
531102
431351
34682
638415
254670
158433
196213
381791
354593
644068
258909
622394
864537
737546
77908
689418
219489
766972
450216
279526
350170
250236
741499
660853
51683
129602
694800
352336
963010
777172
422156
624782
364201
166642
561958
946197
249755
460967
122306
511805
371946
260094
839252
346184
381377
922010
235536
847991
527132
479595
240687
10478
832958
876306
781328
12809
742159
509126
669475
116374
686957
225804
282664
253416
906922
857729
505950
352729
250749
193476
590740
490157
761354
228591
689410
499918
365331
819385
206298
170425
490777
394038
620591
365638
250226
609748
807451
390746
852923
56838
535725
534046
588341
157851
997882
848136
822895
335146
742420
191465
571967
953138
29241
747899
945403
494760
591144
413621
924714
846164
423735
596866
877973
685271
782452
430444
101960
6490
256892
831965
945729
18366
637593
268431
650275
826821
329028
87582
134280
48907
434003
588121
267650
359492
75650
412052
220942
40346
963585
197189
893934
749388
803154
924615
892108
135214
390592
56565
551398
970971
284252
334815
592145
443334
89791
830005
6434
21388
387052
647978
307279
816967
691875
721182
700647
267592
758393
25306
212398
510873
394221
605181
685667
524650
128582
828262
336171
600519
153988
789183
728631
174802
637767
930938
608990
309838
779822
40899
664968
784890
957835
313426
457415
14953
84219
925061
447444
533372
94909
599450
297225
8346
92066
120406
942852
655881
13777
469614
114338
304230
893546
682233
32710
716104
934367
114121
423830
534317
503226
482372
553631
217204
218726
864693
714638
676224
999441
107113
268842
293190
123020
782524
280481
924190
226410
964954
591309
548254
216733
23877
848988
508219
44932
286500
302817
145085
591743
432143
790008
792993
399246
206754
339778
845037
507340
240825
310196
200053
420778
189921
26520
21728
329050
69248
153324
880935
308089
472957
398175
564723
690465
682908
514241
301054
196519
742488
546088
653533
665363
503797
151707
91936
845695
100378
457218
906632
938512
910896
549839
472168
908882
141118
224783
939856
807461
127112
36013
54233
52528
934219
864857
733557
894188
125687
467317
430794
169416
858915
606276
344334
602127
809335
158354
773202
537610
602956
583747
14568
300244
711143
721261
48843
143759
864165
683773
98373
605750
254367
464162
395836
674286
358786
673543
621127
979145
673754
687352
62282
759374
85876
949973
246207
81021
538082
79250
198960
624238
507757
72065
796144
694011
348201
92610
133691
562014
875662
834187
789124
716756
534093
219407
10931
285295
289892
870845
691136
516568
604261
778904
868700
9196
918559
169342
330696
391586
583171
132957
923479
83037
789741
325769
651380
592252
383770
800716
779738
516016
307920
371416
283868
366681
310691
777359
257974
543618
208857
153133
624898
22800
979175
516713
93065
173200
366822
919449
21357
95261
447195
199322
428921
987760
107838
34911
885928
668481
81227
43999
341846
595065
554305
639723
328742
336594
584278
726354
112726
716062
619380
97941
275609
50249
269876
703831
780533
862630
1048
338461
973746
634049
190918
586787
259712
622562
829415
394860
218366
799482
444044
397132
965033
900663
426880
814253
822102
867212
423093
249067
517864
658704
104
830684
304378
746230
307504
374940
123181
429462
621963
120409
253703
859004
774555
3538
920180
859589
211934
455241
392282
915791
55385
968080
107236
548623
228693
931633
888425
564052
761133
126983
707917
887985
748258
12095
770744
339785
169964
510708
283750
604891
983956
168723
414750
65874
965304
464893
642925
293765
679029
287863
186027
246139
13982
167869
445353
490619
707461
84579
364355
706174
882931
946580
916211
941938
182839
732971
815391
293372
814303
176096
539288
292098
552837
840923
400481
257768
828702
575389
127426
270544
732628
647014
98861
399060
483919
43204
181930
588743
949014
222036
424323
414376
757719
302986
849519
729914
657531
745169
233959
186414
142994
855285
798117
529545
601734
91758
505651
868744
696566
716294
384467
254044
179638
658538
342483
254561
529448
276265
571126
97031
306490
852528
839257
511865
111995
411300
369150
717059
400201
412852
69554
487681
674596
964564
423853
52513
358524
614142
198813
28577
265475
819939
252698
893856
246960
275946
348301
669579
734138
139320
511854
393278
679011
114429
702031
572555
440231
396894
649142
628001
759765
236821
493224
525208
538006
755654
589917
53550
846366
938020
211740
135840
70001
251411
887003
563258
114596
50753
23496
438353
665825
850837
419695
495486
29085
806812
47084
963086
708469
343068
836893
957274
329565
947437
83028
12270
223918
769099
685030
917734
846532
197080
154840
581552
260628
696968
399885
44765
843767
513763
87473
497700
305741
20810
356947
579032
533892
988750
123737
772995
460882
334454
886819
864781
94554
28242
342207
213535
888421
384987
683550
389570
342455
488988
185447
354494
967201
762232
661978
520797
541226
340323
651536
567536
955274
856489
64316
183059
649851
985872
655806
925954
417740
444787
91488
894711
413530
828918
474725
6380
989354
168285
53506
431851
918240
786537
742331
182816
238304
557821
512497
802122
874666
496423
803611
884951
843634
447450
328695
262073
157814
783430
97129
903965
206912
128289
635064
381613
490603
754606
388822
723869
408756
867809
56173
427498
431185
325586
264625
515616
338528
24116
461355
8811
989952
968666
30171
662199
568423
562889
976194
376526
967857
99631
540457
550255
861805
400327
555450
948075
168084
292185
931402
394039
883861
570717
215488
849398
749192
377537
41148
670570
121110
311118
912108
81576
425595
741814
706172
550672
581716
68426
195027
321041
477550
707184
835528
9233
202769
657747
631990
488580
620383
334508
819109
777706
393349
460604
574022
612013
550765
261730
377194
741286
222389
441571
567283
144434
372234
266670
557486
391394
632357
671762
89528
881805
67623
802834
599879
298724
523095
445750
356693
234161
354854
271799
794086
834459
849097
948695
481208
362817
751180
906000
972242
10988
856446
892734
320096
421257
899137
509258
279271
959275
63123
432255
480794
672866
174977
932198
832646
711148
24621
541965
444847
877966
360351
884806
902236
466423
341217
161218
769398
968598
980325
269796
63451
341022
825612
761149
411912
466492
648962
850993
347397
156575
547322
466530
817018
332624
780367
889776
451442
799494
966954
896811
807563
813893
756663
142423
563854
430489
284953
266397
388659
944013
615829
979772
602529
967547
846951
722438
755134
220847
979805
600895
434361
205156
460967
137225
885141
779232
910206
438041
177070
926895
738155
540473
127658
532098
327957
367516
475169
784771
451153
672053
169638
314988
801275
109677
810725
276551
792585
276101
272926
6300
500703
122135
678718
842960
838632
521739
48302
652517
283169
203222
31847
80943
669750
123666
211058
924415
747579
95741
348453
347624
245971
143202
125637
55303
669872
934366
636139
178476
186173
839051
720088
320164
894659
51474
406920
799329
330927
664422
740034
249276
336861
180083
156957
518441
407529
921326
457781
981440
257209
598967
628022
663550
508375
882986
783833
934829
691806
287638
644104
960956
504550
258273
113125
684372
695639
844258
276223
348980
551924
907419
721082
366063
202183
786939
615407
275783
441655
991119
768316
971469
850732
796530
193527
228539
959107
911778
628714
960358
851978
930356
945507
741896
365343
53606
748898
914519
42138
259929
35508
495497
650597
850946
151624
53348
889631
654523
812953
562126
541470
958730
632631
942071
766581
586778
591513
267185
217996
528892
264643
783578
915151
497646
659638
841543
276692
117585
907557
991905
540870
914307
601052
451644
494627
900376
95686
328652
499835
360313
859522
6805
584323
456464
275188
908395
894909
46121
661259
856914
364356
737305
153512
116797
231144
881217
396153
804528
538188
656979
116859
13179
968553
126227
643438
994474
551504
585457
381898
811994
974382
893190
159155
503125
796841
734601
631202
213022
141152
812051
49563
394628
830878
145614
615062
327185
771564
313501
153421
276225
397614
172789
423925
894664
993363
540163
931386
205759
997552
782880
354596
432393
965645
252827
372367
144817
561085
567704
892711
448410
502918
51597
560989
946428
34824
47876
535755
3398
820198
582622
832416
803893
765769
379228
840027
382402
959626
260100
241834
707871
531192
156486
665528
837593
479655
416413
459755
737304
966675
854432
821
645070
702613
217261
700616
836856
743277
450985
428708
201812
940971
674430
689774
810026
131077
642641
784980
316906
861204
955477
582890
161898
80101
564465
607080
154242
220915
585597
44145
916943
765705
23550
267502
609369
111886
543939
701801
923512
529621
243007
524853
257869
140022
537146
550475
891589
950199
112315
360438
567050
324881
395536
513510
790653
388004
962170
903395
911255
897347
659303
654340
775597
217614
656524
11146
607372
709730
116390
848897
264026
497784
543526
25608
538458
907616
783610
431941
445866
743397
954650
148002
729411
631741
303105
468734
894418
279050
509230
538853
861452
101281
700365
391914
804177
387308
171966
464795
226037
357679
380221
175365
371991
633955
839742
251227
740433
735348
271515
108812
447078
439674
885808
464516
682700
476350
210386
480961
719657
489167
655591
299186
968961
475676
890024
354027
829487
837684
318142
818062
919971
201152
150362
301634
351622
29417
330726
67061
12412
567962
326383
954445
667279
58770
507196
337214
677410
864893
949788
25966
387243
642561
64971
102462
547217
21220
681782
16913
876222
609073
246029
556005
554140
305515
593117
503698
721321
236607
83868
921944
212347
675442
337891
462430
813452
667142
786032
46327
858198
212508
537813
514768
103322
515469
169115
145529
649351
150401
886332
331229
893141
829103
77340
540770
93886
481008
245264
82865
551485
221836
84701
862218
185992
510917
3929
347466
92963
227040
327267
51875
380651
264315
973927
449444
824265
810768
828087
417552
984455
792460
247245
299299
768497
385898
308583
561659
307670
555088
518497
297548
531149
151686
539712
594997
166764
930911
954037
514003
629768
676177
218893
331182
847287
661001
861230
617906
854973
475563
686928
672504
91480
67097
256531
198
553082
749189
402158
759423
28163
877238
292420
391020
143147
685951
66762
503059
590407
148598
602104
953377
861777
486450
543417
13266
215764
923145
821988
922479
926985
502498
812754
801550
12630
950057
126215
392255
734996
941749
338688
723284
422509
842173
726322
647470
798349
807932
722046
206254
813598
346142
231642
8275
594059
78979
513183
399531
751332
127241
548171
965010
832755
398599
695238
10329
117679
625083
531423
157796
29533
689441
953576
349754
806111
334348
508516
144535
491564
536517
36938
792126
246366
305695
903314
733928
12955
668289
223462
950029
511689
140013
987944
269657
778644
945197
229674
27856
660229
329261
840313
248436
551266
126648
432164
777723
774862
409045
788327
966627
650037
730189
331633
143158
285438
735523
553952
961319
172936
77131
653685
237924
427127
440727
583106
747608
685580
737733
7090
86816
609053
465174
11918
203856
254815
925620
965635
904347
117921
16076
254525
13003
416948
832893
806878
346962
783684
733190
513115
829163
338695
239624
419250
105845
733831
627056
372259
308611
353926
65131
480004
112842
99173
23754
536627
334411
294020
677730
580215
694291
223060
164047
432917
730406
861908
942233
699611
250519
946590
726755
54383
86830
546023
96708
120261
211954
847593
927684
238232
538139
914394
564633
125847
227327
253552
849703
826433
147414
999572
614656
672877
201488
803869
973726
106217
932667
69884
451098
779945
131941
178713
254348
322140
805787
574548
320483
155139
168148
604854
57475
971427
738839
32647
183743
58582
471584
429802
990124
170165
310782
361647
260022
830865
328665
410265
281615
113299
970065
816924
566748
235677
231411
597148
760494
991288
820534
245328
221992
915840
965789
545194
588043
776315
237791
864757
270334
549491
183981
357533
523297
488326
998359
648981
865090
481179
420879
626482
838561
294245
952404
694325
386387
784922
359675
123646
864652
727957
912212
747433
797015
617336
96424
289181
463711
987301
815930
38502
426951
834225
762228
681121
772876
771052
299171
365789
944570
765202
549651
43657
841622
178466
425259
975948
36439
405600
781070
705847
577047
575653
219508
336964
123224
248048
750482
49485
144777
359279
518697
226902
98568
168667
95042
629563
567234
430961
182255
811888
551232
585574
533030
789249
220115
396352
364968
991451
132877
118149
624801
654827
173892
159282
174533
850237
512824
777959
437091
581939
628054
508327
211375
421075
66437
306413
105375
68988
580523
922778
212067
624280
498543
56036
850460
810777
414901
481085
670838
816531
869420
782276
939399
598716
419299
752043
6596
5237
58767
234308
601621
226523
498436
196398
255959
187546
295399
573324
129814
244500
704966
826578
186965
662475
711269
468956
291479
723966
759415
658619
204009
102156
957175
518231
418968
969079
409999
638450
388011
710136
319882
752591
138351
990542
281410
43078
482035
527149
964168
417625
267054
982482
673498
888993
682368
265946
258931
572795
511745
218370
460635
999268
636981
939664
725100
764270
139430
905323
402436
596155
634222
346213
471864
78763
793237
261643
269459
343543
899404
723024
266306
456107
970626
584574
25949
235479
229269
49890
286818
908450
948713
519253
241731
510309
629463
668055
51084
904181
235275
814329
309243
734263
157500
568224
849916
591509
731555
617651
532991
322366
335590
47231
473512
731074
864482
557072
17449
755281
354506
400758
923080
989311
404966
707005
961672
704189
782431
781346
243467
562449
794202
244315
674323
365161
39183
64903
857736
17435
512399
420485
923969
211864
151381
3815
421362
604581
938096
622420
29481
586050
945142
477907
849278
321205
561444
109503
240124
678699
765487
756048
14737
702058
465520
4697
321069
854289
665377
329186
178059
813312
974029
265327
639487
250242
756730
652608
833667
867263
408609
671514
563541
937062
993182
18631
819237
797011
375986
176157
187833
378059
760473
84981
381877
747097
669358
587190
499261
601161
523620
33293
467069
958430
196448
360398
844259
531814
645356
270504
801154
42379
864521
223338
310157
151419
314164
602948
729516
225750
334324
714990
894001
173674
686406
50953
122310
176641
181969
497637
757370
915159
872167
357369
219962
988529
831648
3801
258329
870556
686694
99506
421465
174711
705460
54431
989554
276526
39168
231809
534112
331609
800993
585265
363949
16505
873584
952271
552667
984016
963765
760898
199257
637221
928276
354776
640917
727257
662004
492133
690092
328941
977263
160662
826618
567922
34007
38342
676936
179331
161039
268516
34474
810030
342572
193064
512850
605228
573137
333334
924245
481725
869245
12402
821371
657131
330435
629262
673123
897391
123048
231693
40127
336940
100680
644997
789718
221533
653370
632856
333593
873739
685394
291510
940307
367686
816965
334189
102361
64729
536123
454733
176700
822752
456510
743545
866709
434346
234877
654090
374205
103649
33921
300732
367879
327978
651039
669719
13156
473896
644900
571377
706228
71300
40294
455843
82216
886832
156703
612520
288097
684322
512725
547770
299416
581997
620892
832544
547319
974654
765687
641365
640689
317549
719121
308093
898418
16207
845424
613987
818263
400746
974038
306278
859627
483192
184984
835306
891005
123902
33410
346727
307998
122402
325348
151960
410639
299624
109567
262404
425977
959030
891264
124513
752703
294844
649294
774608
792576
238414
214395
426028
38889
499565
886203
987443
625502
244215
893433
536745
356319
674476
767511
349213
248570
800538
132005
73680
618215
108114
405877
802653
235232
852583
492249
608035
821137
939246
207864
366157
573308
241744
269498
794656
294668
437587
710504
241165
280869
179512
86105
686618
92515
172302
881307
318915
461839
105918
226632
463954
929075
747698
152076
454501
858018
568394
848127
916327
317431
959730
365033
142589
41395
669899
44917
859995
723554
88151
134132
618865
108406
68833
114190
729129
85927
154123
449166
276202
570412
652511
552691
10723
610646
605707
856775
647693
995110
181279
543282
444268
297881
142630
455889
767436
417771
829041
791556
359172
548116
478024
467223
889658
500864
545149
155396
66153
133601
589272
94752
363600
534816
565116
351956
189557
219508
839277
173360
359894
972716
573584
834024
325368
694505
96770
546621
446357
983116
355244
385138
475886
580985
27583
228636
598790
936407
918400
112958
140496
165393
948734
279305
18421
373962
14114
229189
555217
893794
36150
626514
242973
610439
652551
140987
591842
366952
92596
271655
234635
700244
827944
50586
828108
675192
95643
19472
96272
838724
872452
852111
25739
22107
239577
87595
497958
517727
106991
488315
621191
822157
730045
647853
874189
699601
975971
440518
56079
972337
699836
144180
899524
467041
896352
929166
444725
561499
690027
672708
639228
463410
86568
712174
128036
950137
244639
877421
315557
701252
830312
462404
328136
42897
68813
88702
777769
868674
365660
650021
222570
546934
398022
921996
572112
581777
54748
787742
199676
120599
460334
707574
357377
185536
233749
468616
676435
788351
56301
706948
210885
961121
139879
510217
219114
16966
797309
781672
150548
564944
492345
864615
941869
750287
450201
184384
628344
16413
197881
852586
199579
278136
222995
97276
595271
548149
467060
366299
958930
977419
298358
749627
767803
237657
964026
62309
140480
797773
603681
757826
35696
512681
63494
21794
785695
154650
958398
946618
720289
625731
689075
895584
219712
898428
264875
626881
49599
309624
817139
320281
605395
987050
788691
171888
601903
524075
511318
819017
705432
209867
163763
392443
694094
563395
139465
128459
695991
663861
265373
860424
755939
300726
937706
584426
496212
326706
791025
286468
939272
860864
387736
312992
132079
663329
489724
949148
327723
358686
891040
617338
671251
50568
486494
910640
21666
771323
152648
738323
526939
151189
877973
309746
226797
812362
199492
383045
379269
142524
224586
470808
846481
874183
417661
697268
438529
353166
502251
34225
42675
964228
460272
216985
550783
835141
388750
590488
744000
597746
693971
486825
771585
198319
505430
654307
502879
957154
814640
338449
951851
164063
279204
251455
566530
520272
648370
321893
763125
133401
466797
804201
834667
748245
98028
277770
451750
787724
385138
676307
75037
172032
241757
920105
676753
502302
151418
95839
226627
759781
967809
220536
271086
568130
486279
553435
642758
985969
491930
384677
106540
99961
268006
959650
554882
534007
405550
217796
595215
240135
323391
235126
382105
399760
935739
378891
235028
566279
678303
874894
815445
719706
530953
119108
113640
662998
692682
173362
247240
814625
546892
768117
9748
5897
595621
302168
60283
290809
112358
139867
935555
217002
943010
270393
892642
979775
713326
786480
209981
665957
383137
448842
578495
37696
571349
687963
548870
587813
245368
870796
513591
414663
292157
644172
268192
749847
405945
254290
260105
549280
570562
188607
35502
482940
859157
485050
696824
30477
149138
290506
114045
802436
727699
260829
748784
538710
158220
454279
44586
380355
567303
963300
187897
133926
245547
659075
59601
722466
797665
494216
888534
848517
820529
919416
724753
879341
313286
51549
85392
295451
135980
619739
775996
956778
257354
252094
709540
971627
520559
297376
761348
820030
406577
118071
211237
285309
391652
517572
928123
707750
436845
735443
874796
914630
393462
148855
274570
829489
218228
418699
659468
696474
351256
398163
192015
509179
495047
470099
622515
599696
555798
462333
104036
740885
856269
316290
563736
287656
820800
718392
487565
758525
701757
395995
773730
187445
314637
762932
944587
234259
187499
710217
989112
783185
312453
923657
381498
468059
479239
142739
984670
932631
97470
843377
377726
419996
429271
150540
194964
815126
339349
131562
498964
724597
740052
166676
565903
122118
141518
787503
437773
313511
981348
796730
29499
532524
272373
755578
969126
605927
870246
10719
713486
570730
647197
760176
268317
68204
926324
406264
686533
405663
537013
669035
420986
986074
720696
902431
641116
620328
397128
281442
559010
871289
83022
265273
715881
236261
467344
189436
883513
317892
396172
625366
616944
874894
453121
800154
78073
396026
932721
546385
438378
705324
266423
224946
132655
144309
841640
631311
17983
734750
506498
196951
275873
817395
979199
871256
582031
94611
738555
515559
291320
7789
919336
10519
184987
195068
807768
723882
450191
906967
257396
307901
119474
363392
740747
384996
362225
385060
96018
987397
603451
129359
579910
527194
493889
283407
960231
889929
994603
369105
613369
160633
102359
784235
456398
266730
189896
632794
225395
662799
81371
701435
267468
888333
906260
435006
109322
509408
109935
917368
537180
548778
194866
118599
765679
284307
163987
520234
597623
30214
334006
97223
572890
777446
763145
293957
438573
536389
715827
50855
927795
372432
325176
492187
633482
62467
927019
238852
665149
839033
908955
535191
236444
331582
673518
260156
782767
239130
151272
77574
595679
401501
872890
434992
220320
47715
344972
398490
705229
744278
27332
858798
280114
222375
65472
109883
977348
768733
153248
404044
812861
77801
502942
597355
589298
198071
104941
878025
442320
168509
249825
68345
44681
864961
833546
140772
665721
396135
237497
798427
586928
751760
719237
984818
791139
901695
242191
465865
182243
330668
475504
496485
365309
498363
331417
511133
813997
4958
32029
993145
117050
21841
516019
882623
401663
623484
544940
271902
731680
877827
355637
686604
608322
421176
19466
996866
199580
317666
115763
759530
475421
610691
262847
398573
188195
144933
478440
829174
432338
981490
628584
763941
252524
916755
594386
566864
629787
199414
145119
20816
27049
761505
58096
202760
431382
721630
734442
660364
750018
227934
614086
639410
351557
23725
687354
516558
328278
24538
135620
416851
781485
604315
96954
936238
585828
597628
361717
421022
309056
693401
380886
325016
32031
772501
650371
48751
817641
791108
373141
8167
307227
843473
63660
443411
448203
440595
534740
166650
868736
377685
171533
342381
849940
427765
369680
191919
669839
370696
687643
144662
50971
481315
815549
402605
843851
809797
765822
819571
849909
13097
737352
899140
815784
73531
304960
303716
564996
541399
537530
698296
515068
651040
523088
856788
36489
90618
489414
538378
482587
684016
65775
660233
484501
898053
712800
589507
246024
164376
524118
632525
956585
850609
527096
156453
819541
163534
637837
11739
38307
833023
694327
688021
768430
990775
35732
5995
8995
558843
166668
164711
363403
566638
216762
909001
261614
652259
623098
357551
345840
553678
85396
911966
118391
186
183155
190849
441845
921197
623452
777153
516242
546144
473981
346293
657720
513286
393612
394181
380975
568935
254312
216789
620942
374394
723110
894123
634615
798716
5879
58247
920740
336240
374799
877168
863411
272419
582116
438154
762848
606854
188539
511645
778366
456079
237123
714432
405984
708757
487414
558504
845361
561915
131357
300381
240555
178175
437542
539715
687141
146419
825078
65946
306564
337589
71002
180547
47030
43905
418249
521203
161486
406639
832705
731990
91293
162572
97036
527482
135768
116601
380150
879542
833523
914395
562747
268915
739010
402721
124700
180402
928919
985436
443371
99028
253007
322147
207955
263985
994153
436525
891085
644337
771472
631443
941131
387739
950633
613021
453749
782591
924314
227053
440779
971801
518464
941017
166257
256938
349653
913939
24337
69731
708918
291308
934946
889637
758883
168018
915640
634099
918387
48179
899652
57168
718928
335367
251026
534217
97554
771142
808555
681003
133775
300072
529
272378
443784
391561
54148
395439
233662
44907
512119
155376
180546
149108
122385
958881
865646
353620
483931
294013
229825
378563
623499
291541
786611
431211
262405
952634
768645
820866
739092
388338
347265
919922
458176
807069
499186
563114
494286
598854
108759
16436
656002
496329
816604
708302
238262
930002
99309
721341
600968
514546
817214
351251
527306
945941
941576
100068
920743
71414
405093
674980
456964
506280
816291
369990
628457
753652
129869
146010
694725
304445
181376
582775
249442
612588
892084
656
85669
831916
425350
215094
126616
522491
666674
914655
331
389105
466646
591268
552778
217537
930278
943380
622080
125335
373621
884505
711762
879898
351419
246295
979277
698267
388636
352438
432685
664715
969751
912022
472559
112856
928298
913566
263406
485483
714594
950580
847230
738211
724000
626470
693389
972748
193483
28386
477930
717417
126168
263886
264777
715504
420360
529013
988401
131704
508509
401221
359085
136097
136394
268954
96261
545027
447353
275667
496316
167126
885571
811
987383
133864
18354
454716
901985
723338
71610
921397
585404
270728
811172
82317
310483
864769
603390
425002
857325
233638
949119
96897
668412
499178
945196
689450
930209
614728
658111
363645
93119
388781
233564
933810
489356
460707
388711
10811
978415
446742
213696
5932
991304
50758
871753
258740
340527
159797
868926
541393
959860
724473
947122
885592
75276
864137
3795
352010
475807
881015
414427
441479
190847
526665
51578
667841
294007
904214
621918
619038
784556
749407
434566
614234
959037
969115
700767
402414
192143
556321
897262
623807
190298
286656
668801
896215
121582
808323
32090
756674
317507
275850
425185
439800
471295
626805
809970
33183
313148
159392
65176
503818
52421
447522
420759
910199
56906
604297
446582
721797
121044
90794
162578
8491
128143
441018
980920
124590
37698
232809
752741
954098
626247
850728
594858
83415
326550
646375
296938
245667
24524
433913
539623
322466
240216
146421
497018
825763
261505
590544
188850
518429
158961
802908
70419
716093
443975
721349
718429
726319
971462
580919
111376
92586
195470
902097
640889
945742
245764
324480
853094
516317
954760
675317
111546
658242
354779
211116
716236
876355
522517
20503
677734
638637
215245
140809
22989
974594
239621
928819
810074
495688
114529
280727
66284
586619
260161
671429
981218
568441
183015
98667
618858
360447
449354
273583
898233
188418
471659
702651
100800
869326
770683
343274
177489
935633
611064
494179
29033
194787
880802
693741
520838
574775
209606
772961
622817
392005
464972
497135
957620
588625
59198
460094
616447
192422
486507
739400
764820
379069
559401
397375
374245
305617
554388
742751
65398
842055
851790
854160
984172
283685
683563
844892
629966
724122
572951
292879
934373
13221
760036
787539
173931
76228
283321
255147
698088
855835
925578
160239
388175
727581
119451
168728
951646
918730
657509
514229
210161
717554
413132
167377
36056
640834
169286
705485
507836
728447
828175
854325
322757
7533
360413
158015
750406
68735
971589
590041
275846
582825
316758
373563
456089
428876
90762
928071
139905
870080
437563
370151
790512
704666
206697
831814
273311
367209
249037
971377
907818
649766
974366
625921
183735
599807
755002
927855
138706
873136
388554
526649
249752
927880
481239
459126
518609
927350
204692
227908
463060
106746
198811
2217
239624
272988
532083
59760
75969
613765
726515
448985
207525
678968
690231
49321
797686
267123
614262
325635
644340
26585
853338
873119
623746
29364
92868
779305
494692
144093
890740
919518
156360
657512
295499
361165
494673
627229
85984
16407
657420
20562
157702
825140
921252
382050
191276
960076
486681
729782
1993
709920
940808
254188
95781
244560
564683
967652
816304
62924
638236
400228
534859
415485
683268
199334
80304
810506
619350
111378
469961
570201
923942
248879
18750
503163
739633
4998
647133
59828
474684
55573
833273
87966
104907
645430
432120
98103
114451
844137
488611
447723
601902
593748
835648
570108
806184
15875
350017
368809
293441
263168
60780
853172
468500
125718
748664
12240
491982
32051
78450
99967
209976
664063
481722
794354
92685
287272
800004
880003
508047
433036
20238
426817
557397
858371
976839
328
236010
79496
816009
241335
429543
586091
288074
838756
803186
298293
681633
42172
873315
203455
47111
662797
591151
143805
457422
144207
746353
567628
416294
34580
767671
394270
378090
960931
371954
21993
907270
655312
679941
856246
138174
473094
263519
322316
168644
323180
584693
891834
250764
487207
187170
54755
986933
22056
996802
737575
582780
91510
887828
742408
264682
737645
452636
326545
593903
594054
790985
288697
997162
187517
535949
726094
935431
878690
122623
231584
84233
987745
980276
629244
668565
669569
934104
500922
902909
679398
563465
711893
579676
100047
946580
676108
559761
303027
493601
257225
551667
977934
433877
974332
630318
733909
90014
997851
630234
845198
320774
632426
69138
574302
10486
823450
760156
749977
86218
498137
374098
397063
46892
921073
136392
703705
90014
887427
597036
675183
877464
577166
100483
232274
727944
846631
696591
101256
38756
498625
165860
573247
163988
532299
253293
992481
489779
341978
808109
881984
167951
248545
570760
450466
666622
341186
891916
759905
27553
191739
55165
957125
630152
357870
220884
275641
196927
753743
45869
974492
294751
138027
393575
70979
963410
1259
921417
858068
683567
730356
491564
498704
404297
222788
401769
77175
992096
714167
618703
509435
779174
663021
71659
144086
155529
957844
114008
123619
596605
258445
243065
734049
957116
658553
234654
547114
144624
678433
223851
108793
182513
740956
985460
82176
132212
618
544434
954244
173627
866083
262741
692616
67750
400203
767737
751133
15295
835930
558067
121671
119917
273583
792093
74611
731528
267624
570654
39271
628803
158713
266501
344473
115930
825548
591909
437957
64194
44931
478678
757303
761552
589600
278891
644329
663272
440460
255909
410983
990312
351495
442163
276397
30683
408772
564499
907482
923420
89353
934974
493098
451503
366736
585641
444344
628604
773638
305975
799705
467744
953269
85139
355672
873822
630361
182848
137402
814518
883582
783686
524164
294850
951185
7768
728329
641004
580781
41239
789360
791157
539278
430952
764789
849641
418959
851316
115069
813008
724989
714271
295609
920722
665928
957201
44137
669119
907845
632206
868847
953043
695949
829320
804199
614366
500783
192606
611805
492767
271472
175629
589303
709684
343258
97900
775398
355604
277926
54880
205513
910762
440875
189857
814495
327306
854823
855079
752577
923376
281887
237242
116267
764711
934400
358854
10592
603804
977658
176135
272528
13743
922210
18908
942762
765341
721970
255300
10083
326544
850316
679570
722652
516387
12391
696544
273913
317326
262852
357948
520119
628948
383568
192263
882526
626904
23690
796044
636001
463813
606193
874750
696871
181301
101411
63221
900777
644421
256369
969564
640481
899865
95533
891187
355605
242443
595999
826185
912897
10546
293259
762368
240042
656746
477305
7048
10284
311760
812219
391165
647668
179383
505018
587589
923125
870205
57104
569349
833639
756751
100185
215489
253096
238433
580197
991623
539750
670500
658089
539660
872537
617969
598551
263455
454198
579918
766761
808862
445139
448855
603898
325017
12438
714100
213492
774508
605090
780146
483523
609738
25979
624897
481327
902431
368240
697304
357298
331566
747080
324525
870694
411053
837978
872201
892180
516228
921199
99264
375538
380295
188870
157560
706013
926958
871545
969421
804409
206570
452545
854228
988134
459765
12591
958165
249264
874249
965074
337614
356639
475612
509159
552103
154364
933744
395440
380302
442935
789827
371004
72100
382092
139540
583348
350848
748674
803714
249316
546147
124785
355056
497657
495985
721801
472240
558645
721222
573449
607676
678133
258075
4086
10563
929370
428479
729527
184066
411001
722975
92697
363507
681944
59811
751939
160910
590279
941537
844671
341810
957233
695954
920272
134415
870259
792972
808404
557043
973938
344369
594303
391475
363222
801042
751568
191637
852207
162569
151992
557960
182053
489427
576860
725418
284301
197751
956151
565012
850846
881761
110724
751629
8481
259696
365169
571369
158874
281561
191336
235435
716228
691255
147358
105715
519505
874624
564329
873286
568956
994987
711837
251798
263274
135962
508057
579912
11533
740970
893764
128439
207980
801217
77407
270515
905037
741294
758449
486095
469660
288215
70626
46660
163648
896903
62070
785802
303380
726332
105975
386779
792451
869510
103004
608451
995838
691513
80370
424975
943512
184000
783504
582765
518583
644685
897377
119217
494288
781913
892290
806397
342759
597631
480974
549196
511430
912687
466925
921716
262442
715448
234697
378148
787777
549435
96558
520416
238040
89572
310990
506479
556141
349828
250054
496970
225994
307052
788041
916699
350894
589178
131149
440712
835118
973451
784709
25521
991470
593438
886644
502754
867006
548165
246271
831149
261942
494933
817967
778020
352965
452351
540116
609906
915908
997190
515337
867149
103844
984677
520441
66620
899979
798166
802714
949179
841576
395847
105712
586595
63641
781874
699575
116941
331131
922484
258640
722735
951367
801205
610672
23518
884177
219325
872731
964721
972803
643309
812135
640889
546881
802434
382727
776316
279784
857639
450597
134834
216435
907851
851757
878990
195837
321500
450977
54862
895093
684826
816832
365744
41075
886058
514372
198856
412079
689733
837734
492366
319832
179371
698195
312222
827621
317419
392511
360219
38118
899220
244362
400375
922134
542877
646500
93520
220124
332301
816731
930363
970025
117439
315524
870266
180199
914034
526321
987957
20205
527990
78898
153801
822482
62329
720573
435048
556032
485415
884151
538634
762693
979614
668824
805140
646862
412310
886848
333382
770412
923792
655770
107093
516057
312764
209326
902151
360017
625556
357583
639954
291594
135008
786592
344866
837462
358241
174481
318075
434524
894789
77221
941620
51779
795020
928639
732993
994391
380170
659574
962546
125091
332893
843318
379656
983055
971652
614547
10934
729400
637236
148257
218552
688403
700230
91738
486677
526965
597034
140521
832263
891221
674790
301144
813481
123477
138505
937273
198928
642280
654178
812392
913676
92385
866976
266868
874316
670920
994463
237506
999546
412845
171174
33972
52232
198942
291236
153549
392453
67585
476926
756581
659635
441706
968851
997307
688925
305592
822577
654696
646442
827730
423086
585378
668848
698309
683420
690275
642107
456427
265074
665085
525216
123964
228433
166392
769471
1769
375924
850229
301997
823111
67767
400736
112885
585695
421547
462387
564232
356672
700368
288588
427483
87036
260985
970546
821615
332769
293022
962334
317205
848152
356739
693681
283729
31896
359531
770728
116794
848180
72977
937515
653651
653632
730632
222767
679282
203426
303876
51837
177100
124556
368829
929432
445663
237093
104641
944142
440962
834734
879803
580955
143625
889399
631514
815805
534689
633245
604388
514855
837408
558731
333098
545416
836517
136416
921895
565353
831969
612072
283876
850767
523213
71682
242354
865209
405793
169280
357150
874478
514148
789129
49193
292989
419960
893750
905226
189241
868277
272816
84382
861438
225355
414467
541796
845963
826780
606307
179730
618747
497404
160882
580494
316383
501599
114205
659001
741985
957268
289714
443859
67967
235051
684404
636200
532170
655475
600656
612039
931057
445336
227125
837347
479436
49149
842227
742299
910721
666144
659404
545091
398584
228275
654604
810299
543341
806513
9030
100932
829481
61475
534526
991507
50745
529634
694354
559633
700168
895260
236877
255112
345786
265282
880093
103276
756893
437932
518023
12149
163214
578160
925432
619001
928430
347896
442782
421040
881645
205065
138494
808314
438336
285830
917073
576735
254182
999261
335067
561899
757667
780123
144494
459807
660890
701596
694743
498036
943371
28859
650638
798742
141430
684569
663026
48104
231905
975613
902456
273412
23193
204151
850753
167995
861776
244107
605659
93811
924538
316918
162034
277087
274094
128207
703666
287208
997149
333923
481226
790437
158610
750475
208749
789404
905066
881462
227070
938025
965831
576578
437776
201574
157884
605844
579268
316609
161985
123561
267696
721289
185279
648857
112375
456445
719219
604472
471615
180423
601626
339864
192999
980395
821736
940339
647929
33747
91861
931233
880144
61371
919093
493417
129571
953253
830702
826453
719427
202453
485173
79834
577889
288671
793711
515215
432289
782361
848713
699860
269270
785538
134112
394769
40823
365832
681174
647470
19312
266151
59362
359594
890792
164870
416283
370576
831552
624330
940032
52288
487784
618765
216711
368613
879067
76380
266646
402344
681016
861796
556723
128022
264982
945867
728601
106031
299814
81794
95386
787884
179427
237670
534600
667676
723269
935047
622758
444826
498636
738020
82664
417747
342788
223765
246343
244969
170371
543612
360958
743763
954360
515719
873662
46634
812414
936105
461467
975913
391730
457646
312901
815778
390267
196152
2540
314044
508849
534530
103080
121759
889270
302652
190638
365379
460339
488301
155581
528347
715927
148655
64837
84567
568629
729640
468150
269194
966372
548403
470589
666393
850461
399962
804185
753631
216583
645361
939339
816569
55183
892202
5334
546482
624279
52013
853740
198358
469362
851909
290760
923728
228532
493983
201408
504062
66683
317789
342416
87611
608590
331371
501230
972620
571390
923524
386360
89842
448034
621665
435913
996417
568770
214640
499392
703600
509342
367850
809887
410512
492525
922964
746458
730811
102624
187476
222056
58739
511779
631192
702344
672855
369942
743076
798082
156960
590049
709860
54353
96626
586954
403604
811214
929900
919106
232688
153698
71543
539958
285186
279482
409384
872442
790996
232971
6400
95896
539872
194193
825871
71777
469842
607581
372756
551625
985602
666257
802257
174868
219753
76717
861379
223419
158939
804443
168498
105776
435095
401868
802862
227908
779659
272333
815747
661514
538617
236435
206272
274098
51078
686074
101982
89035
597547
797022
650759
603931
534492
126604
494439
444044
547482
51119
651550
635482
212275
675361
890600
501478
579074
717593
886466
802446
724802
687226
743351
238023
613035
918104
130243
358985
891374
836377
637410
512202
183267
462530
302644
621471
650807
597549
288713
645206
271440
769620
363572
247007
287701
593883
155359
138256
369992
692452
338321
116412
564798
274435
98293
721750
689751
569155
398025
286804
316410
960911
109601
701728
657973
340586
989094
76282
905774
753075
176570
648912
358456
320385
19259
206267
670687
196139
777856
617813
466284
977922
728049
242927
840461
197334
141223
98540
564750
7450
364500
154406
286842
92325
821517
169308
286901
681467
273033
22817
550537
819894
113528
284018
673134
414950
933954
821456
527788
117855
742661
661405
647758
154780
313983
556433
285191
475027
312083
601245
625149
863579
170579
929640
467231
916186
979511
223191
380344
1596
674362
496399
381484
305654
69487
916511
385714
276889
246228
5656
239108
493465
936426
833640
680204
911949
44301
404794
547938
54322
99618
895678
298383
724671
624728
596571
87207
418852
33354
90504
277054
587568
48295
195199
220081
575847
596564
273923
29180
703306
229710
355640
934266
91222
910646
769628
793306
961706
524903
347660
234255
821287
746242
993740
801739
584533
635400
300061
662776
888573
212331
520594
34417
447347
585531
595172
817298
836162
34407
274894
284779
451377
388032
950324
263786
681576
570943
767177
787386
732034
488831
568217
261254
526116
910018
141230
430794
865656
367700
704631
353274
264322
817062
300798
966446
425846
544783
549043
671326
658378
540952
611400
222327
4082
282132
333846
567839
151207
971076
209659
572098
846642
156538
681541
557565
538367
792870
819286
888881
962575
288280
710650
948749
81103
609562
908433
804116
763464
457791
420300
22718
166730
843738
983536
66029
850108
529805
539973
550161
640390
431542
934324
805036
163049
901527
62476
139662
166020
464444
835039
646598
542571
330436
812617
607904
569558
200861
634614
198598
516003
504520
982700
27388
163493
609541
730727
992515
487045
97932
195453
496906
357015
157263
146427
480748
935428
339254
422407
763822
140176
748254
621257
796382
298354
280743
730305
729965
182309
704825
721383
168663
717598
227053
492035
608185
198735
419189
32491
133606
555641
979567
408769
252949
180959
845456
718046
206365
221854
885965
739453
830754
257875
233655
357124
967028
758221
810663
959158
22959
230815
556624
826880
452598
837504
913126
597284
73273
55994
343954
537268
46612
789911
425172
545152
626832
394593
258671
519288
896084
104549
35195
455255
860705
417960
502088
920459
673153
818467
993097
892228
241346
323215
531131
412409
839846
782868
315226
261081
909894
625541
700318
771798
871372
86386
809595
80771
246619
103308
490880
596159
85616
170326
769031
142487
619343
955633
56300
197195
248516
500312
990579
959127
541504
995514
843428
926887
483244
330856
73627
67675
247778
600251
190356
162217
139369
566928
326687
328139
734039
219211
735548
268996
855755
75864
635323
564455
277180
145553
104698
921464
306652
927195
796755
520008
300392
93985
669345
33753
461863
198249
155606
610757
160131
607185
41178
862554
378834
11339
539023
554044
181714
496071
468523
990963
25378
131450
241344
382717
294387
463218
403160
650433
343683
378454
745095
653082
461470
843085
690466
429244
54872
595815
202127
147015
49669
928180
404869
718328
806826
78036
709772
141961
947635
810998
7885
888913
721905
746007
717080
511512
916601
851174
931632
973420
850577
884572
738534
400412
377421
581927
971499
385732
602147
110629
746191
100012
827188
453279
283283
233291
645018
487473
646859
370093
441480
78744
33546
139469
253090
450983
544746
126813
659434
981522
456492
790329
801003
242842
971641
709768
31722
992089
38279
702687
932731
713338
406928
384701
13791
399882
235390
618083
431495
658373
735327
789751
495297
787075
891519
393576
720321
761489
676867
711141
969755
516659
383191
633071
123608
705772
180119
842135
578237
160563
38404
871914
92163
838703
308331
652297
158226
49484
489436
657231
220301
123022
994611
158475
215026
174753
931970
56842
693520
970810
945020
721019
163476
502418
388531
147256
310589
835465
15423
515892
796372
986084
743040
408496
93571
895960
124113
861736
225322
36700
420838
263051
856806
69781
753578
35701
39033
439817
81177
697000
437497
619448
123838
677397
351300
947741
480773
824798
242601
314578
715133
273239
497745
51599
162662
58254
929490
208167
14458
966605
984238
870374
94051
908474
126418
219722
238951
391490
969209
356097
40012
461156
858792
478797
189194
380768
145510
182685
27350
881649
849993
158311
680070
785250
860017
555491
1995
984605
211003
617946
332873
293402
420526
110825
910154
122884
525199
910789
119236
332557
234050
478698
721640
421175
578331
501171
736152
879883
901414
878374
307006
747109
940324
113063
683593
574979
827953
596557
685246
897230
419118
576487
554341
201784
881436
820945
971685
765994
14560
242376
129123
510503
935670
248070
938790
421490
900816
885290
984400
980712
396871
332813
463547
163523
562144
747477
900259
548671
378222
696681
215276
8608
314937
372326
198685
61793
748013
302104
203777
797065
124439
652296
324020
172334
254122
914073
927944
357496
398178
5486
735277
103646
222393
892034
288299
291651
394357
492139
772838
334156
963714
218413
150185
990422
488641
639164
397322
514833
577852
88362
297282
860054
19048
796862
273418
607652
686845
520879
146179
300517
559168
462476
539506
719858
651101
440655
106160
904450
767817
525984
831270
775661
57697
661044
642964
724062
195974
984799
363103
143027
728588
10779
448375
82313
532512
722223
306806
148326
647884
379842
374553
29211
885422
722379
759492
117524
465870
727241
933006
636938
427543
738111
236183
785032
160833
33251
100622
452866
445028
341086
122350
354509
389332
51543
805092
695396
373658
372418
194377
221946
192142
195005
819465
613876
665551
517827
291067
384578
925802
451481
535258
442022
444648
529171
250283
481765
361090
823532
343206
929767
987205
814
178736
704493
507469
819265
279748
273043
289472
590405
119590
562007
163120
125067
448889
285432
410697
586234
214167
509597
656571
289487
62910
859353
690688
688905
149009
974972
447864
909017
768179
250546
344635
835911
105315
630288
525524
316457
825836
523597
229398
231715
500179
80096
552367
964765
19708
937265
886526
370911
896458
795508
352051
403253
185441
996304
286775
351150
475076
158332
91045
785916
191579
822909
532057
544258
206459
775325
799500
831226
970248
852496
198825
149444
119148
104544
133689
747803
826401
509133
195191
917612
905100
647395
684417
750983
862149
313544
739306
923341
417593
124524
657324
168695
668993
685611
143266
339111
67686
367724
198412
721456
741566
45040
455521
457275
790208
754713
897057
964309
787050
908421
62299
822814
434901
165031
358689
410703
733361
871817
966958
967769
417574
502147
101529
513803
327723
793573
411642
372447
192952
731258
778125
76841
251686
678269
301644
469733
480727
657583
477770
481989
372439
694194
464516
117987
993533
380155
374602
835033
589065
117409
201255
549953
151540
113061
686108
640100
363680
445808
110569
550047
306417
863213
405887
263112
669968
715081
796856
709615
337964
720158
103737
524535
671988
199460
330886
221303
372706
302599
387652
216598
411866
555046
599742
677350
234411
890934
841144
363738
156924
695596
169281
949071
427159
217993
687227
758070
463682
435926
402778
971146
502624
757615
999073
651500
912886
334680
911417
698210
1940
981878
545416
373166
105576
488131
594307
540467
757836
265421
725281
920379
590209
357078
765624
161330
912806
698779
130735
244309
291269
868040
834548
286875
587715
431005
520474
511796
757440
47210
868455
632452
819876
330452
602392
596783
368939
594179
162803
480509
194566
480205
983244
229741
363408
735286
702286
368732
557204
637281
693949
236851
725926
651524
827634
900002
917842
251242
724784
994229
489800
829433
836306
808699
745340
50422
205228
816650
205358
473870
440256
201917
429553
990915
433287
898632
241679
532111
637310
200754
123255
336022
949140
603868
815404
759302
303840
124821
892163
365931
318806
791628
915722
624844
753153
696043
310349
936880
848086
975641
452563
644661
192129
313070
363497
407299
763940
81381
862565
468000
375943
753065
965391
129245
845871
868115
635774
662366
421038
952398
2396
577723
398049
307875
919632
28548
665089
848599
249383
706680
791865
876736
650634
114804
617523
795569
995541
526893
234964
566022
858857
958926
628405
486165
897176
964074
466345
897278
61362
213823
292285
73475
615969
751737
201849
70897
435178
985762
518617
859205
94800
376979
54974
635839
494575
798050
329199
233634
551914
551744
623474
463956
443927
304784
439719
319946
956952
360358
379747
761193
815993
528730
932674
360190
209284
976319
83069
162727
84563
952823
232156
353159
655297
302240
449079
261947
334032
283312
341934
691595
342454
39103
561239
290232
393478
459277
216241
171363
730547
603842
550957
602696
363980
893245
517275
654219
893420
815483
347446
255045
824057
434211
408076
202527
691686
517252
350363
821716
875649
763078
30399
518532
818551
987502
889686
175860
577065
361172
45553
344150
524324
886341
547458
944854
660109
425272
634408
158024
183466
319899
886380
558749
994593
697253
966145
772963
829022
287138
84972
503495
918980
463610
145704
666511
333477
154049
4128
754527
469733
967970
527431
7279
635971
445489
903212
849772
541211
711257
871260
936651
356626
750017
937998
709895
218875
501875
323816
523874
931895
545931
47325
820779
394452
872042
67470
206001
853196
802874
101344
445092
240219
330543
134817
511893
87810
802967
749770
597888
580084
805297
528062
608236
971033
731336
776036
213305
637322
579516
120771
435623
325272
801383
595197
378118
740892
367716
267517
815413
520524
148098
982914
495437
811941
425772
814632
51048
397835
666054
71665
785220
372887
857945
869291
130626
255321
745261
838708
456667
859145
882031
401688
237840
937880
212444
79106
408430
212473
603619
496785
369346
894223
244596
324681
89881
208515
915834
153154
290270
411476
626216
847899
970197
898566
36570
464178
291893
593699
763007
856735
712289
954301
930226
116626
455411
829633
145516
130455
838714
791144
283130
566756
598036
485555
360335
486413
569636
870924
342022
816857
490533
427092
105736
254510
781911
495789
3983
735913
23137
139139
239325
923323
66262
29363
754615
356939
31847
515012
320889
989927
284337
901321
328330
533692
235695
633082
215051
623391
83588
298934
231927
755208
752255
192167
929795
673697
892085
794963
560768
655465
836611
701122
432282
741539
878906
208585
852218
236127
362545
715383
130359
985054
375711
243068
370332
544561
27472
195850
298060
228836
555290
335865
745482
391266
332375
981731
878855
572460
403553
205112
24973
822114
999226
204981
620896
64125
173617
543120
865716
253488
240817
58033
157295
933059
697444
184524
190477
479592
145583
905572
120573
410002
222780
27888
495259
447550
724263
765401
306182
605901
466764
295207
791617
732096
747530
326750
551812
201770
187397
156484
660509
945660
450533
579020
943743
933140
807998
310070
650527
204116
276996
204898
841986
991196
331371
778395
816699
197554
893698
754401
547243
604031
266537
325381
69111
897117
627655
497631
389982
289267
903543
177152
269780
407146
413707
583662
944485
379253
167501
909427
384704
482
25543
587473
505077
554942
428248
440599
800071
464629
773562
667421
790644
174239
213472
272860
819750
808888
937297
268512
289302
530906
375036
433359
99142
550724
418602
255634
739651
736008
636154
865474
121766
416320
328203
710290
535072
309376
960543
627896
520428
855436
615523
312120
173614
372711
57424
407142
82549
671245
867837
242023
895111
632333
558689
873514
830233
54063
924571
725704
273777
238046
533909
353474
554423
484370
231203
206362
200962
905349
460965
552106
46153
765715
522921
463978
144228
848265
709773
973822
288130
512978
948965
769288
156389
248504
750476
679808
511399
463422
812475
267188
440683
873056
566944
382644
328999
613218
491397
695954
680202
19250
648202
228902
526032
76523
382187
262762
327314
228868
285331
717258
686317
35838
130491
384152
336256
743122
934808
102146
977855
225421
546336
945425
782728
973779
656120
410667
816064
765021
368015
931151
473769
959832
858329
648231
29285
908580
896640
806058
362453
947333
682323
5245
99885
102691
188172
32990
74741
939313
747856
841581
356641
961999
378082
277180
852249
208873
338272
49764
555091
352680
800393
807216
382430
43287
567186
323639
89619
419454
960712
753027
588367
868185
513656
243928
294868
621088
291600
160078
171839
71548
576504
462985
866666
539170
749432
635407
966749
556917
13069
421355
490731
324313
587217
195385
608226
73199
117262
835721
13698
872316
844457
147722
401674
847200
934511
68717
680296
133344
730326
538070
126133
881639
673273
524044
795829
7653
258550
256739
405900
137802
870205
19384
908892
263820
123368
509111
475529
247027
354175
790640
370525
225788
980559
44748
757754
121465
813383
819679
797102
457731
950818
459791
553992
613731
228966
545449
86063
819906
617019
305632
684289
458560
976753
771737
724727
701120
138850
926039
75275
319541
622568
103005
934866
741638
501436
637442
411266
103364
205723
850575
597134
439214
355927
885279
280305
799289
859872
679548
228759
870131
583551
292592
131396
615958
286493
312183
109990
406193
951956
427809
718775
773288
499733
681552
557141
5115
408614
76932
852259
275306
336943
737923
303079
29999
246192
772688
855938
881788
445253
986343
787517
948264
214028
998643
119159
479623
